Alpha
[[56, 201, 3300.0], [58, 201, 17845.348837], [58, 200, 6269.186047], [57, 201, 20337.209302], [58, 202, 9891.860465], [57, 202, 7568.023256], [56, 202, 87.209302], [59, 201, 3627.325581]]
Alpha
[[56, 201, 3300.0], [58, 201, 17845.348837], [58, 200, 6269.186047], [57, 201, 20337.209302], [58, 202, 9891.860465], [57, 202, 7568.023256], [56, 202, 87.209302], [57, 199, 55.813953], [55, 202, 41.27907], [58, 203, 60.465116], [56, 200, 447.093023], [55, 200, 23.837209], [56, 199, 29.651163], [55, 201, 53.488372], [58, 199, 54.651163], [56, 203, 12.209302], [59, 201, 3627.325581], [59, 202, 360.465116], [59, 200, 61.627907], [59, 203, 31.976744]]
Alpha
[[158, 234, 964.534884], [157, 234, 4113.372093], [157, 235, 390.116279], [156, 235, 951.162791], [156, 234, 1828.488372]]
Alpha
[[402, 52, 8122.674419], [404, 52, 1872.674419], [401, 54, 2972.674419], [401, 53, 5690.697674], [404, 54, 2726.162791], [402, 54, 15409.302326], [403, 53, 21922.093023], [404, 53, 7394.186047], [401, 52, 825.0], [403, 51, 122.674419], [403, 52, 9201.162791], [403, 54, 11687.790698], [404, 51, 81.976744], [402, 53, 21406.976744], [402, 51, 68.604651], [405, 53, 211.046512], [406, 53, 108.139535], [405, 54, 112.209302], [405, 52, 60.465116], [406, 54, 46.511628], [403, 55, 419.186047], [405, 55, 27.325581], [404, 55, 85.465116], [403, 56, 68.023256], [402, 55, 488.372093], [401, 55, 44.767442], [404, 56, 79.651163]]
Alpha
[[401, 54, 2972.674419], [401, 53, 5690.697674], [403, 55, 419.186047], [402, 54, 15409.302326], [403, 53, 21922.093023], [403, 56, 68.023256], [401, 52, 825.0], [403, 52, 9201.162791], [403, 54, 11687.790698], [402, 55, 488.372093], [402, 53, 21406.976744], [401, 55, 44.767442], [403, 51, 122.674419], [402, 51, 68.604651], [404, 56, 79.651163], [404, 54, 2726.162791], [405, 54, 112.209302], [405, 55, 27.325581], [406, 54, 46.511628], [404, 55, 85.465116], [404, 53, 7394.186047], [406, 53, 108.139535], [405, 52, 60.465116], [404, 51, 81.976744]]
Alpha
[[250, 266, 19.186047], [250, 264, 154.651163], [251, 264, 240.116279], [250, 265, 170.348837], [251, 265, 417.44186], [250, 263, 538.953488], [251, 262, 992.44186], [251, 263, 1203.488372]]
Alpha
[[71, 288, 4713.953488], [71, 287, 17152.325581], [72, 288, 3371.511628], [72, 286, 9644.767442], [72, 287, 15650.0], [71, 286, 13711.627907], [69, 289, 22.674419], [73, 287, 531.976744], [71, 290, 9.883721], [70, 289, 43.023256], [69, 288, 31.976744], [69, 287, 176.162791], [70, 287, 3953.488372], [73, 288, 193.023256], [69, 286, 171.511628], [72, 289, 212.790698], [70, 288, 310.465116], [71, 289, 265.116279], [72, 290, 21.511628], [70, 286, 1648.837209], [73, 286, 341.27907], [69, 285, 21.511628], [73, 285, 145.348837], [71, 285, 394.186047], [72, 285, 385.465116], [70, 285, 125.0], [74, 289, 7.55814], [74, 287, 35.465116], [74, 288, 21.511628], [74, 286, 30.813953], [71, 284, 33.139535], [72, 284, 29.651163], [70, 284, 27.325581], [71, 291, 13.372093]]
Alpha
[[179, 490, 275.0], [180, 489, 31.395349], [180, 491, 18235.465116], [179, 492, 1994.186047], [179, 491, 5161.627907], [180, 492, 11578.488372], [178, 491, 45.348837], [181, 491, 6893.023256], [181, 490, 306.976744], [179, 489, 36.627907], [178, 492, 43.023256], [181, 492, 3341.860465], [181, 489, 15.697674], [178, 490, 28.488372], [182, 491, 40.697674], [182, 490, 28.488372], [182, 492, 41.860465]]
Alpha
[[177, 98, 26.162791], [177, 97, 47.674419], [179, 99, 38.372093], [178, 98, 472.674419], [178, 96, 4121.511628], [179, 98, 4680.813953], [178, 97, 9000.0], [179, 96, 16516.860465], [177, 96, 41.860465], [179, 97, 22183.139535], [179, 95, 325.0], [178, 95, 47.674419], [180, 99, 28.488372], [181, 97, 45.348837], [180, 98, 589.534884], [181, 98, 28.488372], [180, 97, 8220.348837], [180, 96, 3409.302326], [181, 96, 48.837209], [180, 95, 45.348837], [181, 95, 25.0], [178, 94, 20.348837]]
Alpha
[[119, 363, 804.069767], [120, 363, 1069.186047], [118, 365, 254.651163], [119, 365, 352.325581], [119, 364, 303.488372], [120, 364, 190.116279]]
Alpha
[[383, 289, 1294.186047], [382, 289, 786.046512], [383, 290, 683.72093], [382, 290, 320.348837]]
Alpha
[[286, 20, 1486.046512], [285, 22, 1483.139535], [286, 21, 2345.348837], [285, 20, 1320.348837], [285, 21, 1773.837209], [286, 22, 494.186047], [287, 24, 2593.023256]]
Alpha
[[114, 301, 442.44186], [113, 300, 165.116279], [113, 301, 435.465116], [114, 300, 298.837209]]
Alpha
[[162, 41, 528.488372], [161, 41, 1734.302326], [162, 39, 1711.046512], [161, 40, 109.883721], [162, 40, 623.837209]]
Alpha
[[183, 105, 89.534884], [184, 106, 380.232558], [184, 105, 2148.837209], [183, 104, 1901.162791], [184, 104, 800.0]]
Electron
[[423, 202, 223.837209], [422, 201, 1566.27907], [425, 200, 664.534884], [424, 200, 911.627907], [423, 201, 855.813953], [422, 202, 676.162791], [424, 201, 194.186047], [428, 200, 482.55814], [426, 200, 1255.813953]]
Electron
[[120, 386, 608.72093], [119, 387, 200.0], [120, 387, 231.976744], [119, 388, 262.209302], [121, 386, 180.813953], [118, 388, 55.813953]]
Electron
[[290, 164, 763.372093], [291, 166, 165.697674], [289, 162, 175.0], [291, 165, 98.837209], [290, 163, 366.27907], [292, 168, 397.674419], [292, 167, 480.813953], [291, 167, 201.162791], [296, 177, 429.651163], [296, 178, 257.55814], [297, 179, 196.511628], [297, 180, 328.488372], [298, 181, 614.534884], [297, 182, 518.023256], [297, 181, 466.860465], [298, 182, 1505.813953], [298, 183, 1213.372093], [293, 170, 347.674419], [292, 169, 222.674419], [293, 171, 378.488372], [294, 172, 289.534884], [294, 173, 556.976744], [289, 161, 379.651163]]
Electron
[[348, 308, 826.162791], [349, 308, 851.162791], [347, 307, 802.325581], [348, 307, 486.046512], [349, 307, 18.023256], [350, 308, 595.930233]]
Electron
[[371, 396, 1283.72093], [371, 398, 296.511628], [371, 397, 471.511628], [371, 395, 491.27907], [371, 399, 303.488372]]
Electron
[[384, 101, 397.674419], [383, 101, 163.372093], [385, 102, 389.534884], [386, 102, 372.093023], [386, 103, 468.604651]]
Electron
[[279, 453, 253.488372], [278, 455, 246.511628], [281, 452, 385.465116], [278, 454, 102.325581], [279, 454, 204.651163], [280, 453, 441.27907], [278, 457, 112.209302], [279, 457, 122.674419], [279, 458, 336.627907], [278, 456, 254.651163], [279, 459, 438.953488], [283, 448, 501.162791], [283, 449, 513.372093], [283, 447, 289.534884], [282, 450, 268.023256], [279, 460, 121.511628], [280, 461, 178.488372], [280, 460, 188.953488], [282, 451, 345.348837]]
Electron
[[249, 268, 541.860465], [251, 266, 336.046512], [250, 267, 456.976744], [250, 266, 19.186047], [250, 264, 154.651163], [251, 264, 240.116279], [250, 265, 170.348837], [251, 265, 417.44186], [250, 263, 538.953488], [251, 262, 992.44186], [251, 263, 1203.488372]]
Electron
[[408, 114, 340.116279], [408, 115, 426.162791], [407, 116, 440.116279], [408, 118, 691.860465], [407, 117, 575.0], [407, 118, 1988.953488]]
Electron
[[99, 390, 540.697674], [98, 390, 264.534884], [99, 391, 319.186047], [98, 388, 333.139535], [98, 389, 496.511628], [98, 391, 183.139535], [98, 387, 70.348837]]
Electron
[[48, 33, 1161.627907], [47, 33, 666.860465], [49, 31, 231.976744], [47, 32, 522.674419], [49, 32, 353.488372], [47, 31, 1646.511628], [48, 32, 28.488372], [49, 30, 180.813953], [47, 30, 1113.953488]]
Electron
[[51, 364, 89.534884], [51, 366, 305.813953], [50, 366, 122.674419], [50, 365, 368.604651], [51, 367, 700.0], [51, 369, 395.348837], [51, 368, 256.976744]]
Electron
[[396, 112, 1579.651163], [395, 113, 338.372093], [396, 113, 262.209302], [394, 114, 576.162791], [395, 114, 71.511628], [393, 114, 156.976744], [393, 115, 147.674419], [392, 115, 296.511628], [391, 115, 120.348837]]
Electron
[[117, 464, 319.186047], [118, 465, 1239.534884], [118, 464, 668.023256], [117, 463, 461.627907], [119, 467, 333.139535], [119, 468, 202.325581]]
Electron
[[385, 452, 716.27907], [386, 454, 733.139535], [385, 453, 171.511628], [386, 455, 342.44186], [387, 455, 130.813953]]
Photon
[[36, 203, 33.139535], [34, 204, 71.511628]]
Photon
[[304, 74, 1603.488372], [303, 74, 1362.209302]]
Photon
[[427, 200, 253.488372], [428, 201, 129.651163]]
Photon
[[82, 228, 148.255814], [82, 227, 38.372093]]
Photon
[[386, 102, 372.093023], [386, 103, 468.604651]]
Photon
[[179, 342, 230.232558], [180, 342, 184.883721]]
Photon
[[195, 472, 200.0], [195, 473, 250.0]]
Photon
[[80, 234, 72.674419], [81, 234, 197.674419]]
Photon
[[334, 93, 289.534884], [335, 93, 365.697674]]
Photon
[[99, 341, 183.139535], [99, 340, 158.139535]]
Photon
[[307, 262, 92.44186], [307, 263, 45.348837]]
Photon
[[153, 85, 1.162791], [153, 85, 1.162791]]
Photon
[[197, 107, 281.976744], [197, 106, 66.860465]]
Photon
[[288, 248, 64.534884], [288, 249, 159.302326]]
Photon
[[261, 259, 7.55814], [261, 259, 8.139535]]
Muon
[[391, 53, 268.023256], [392, 52, 226.162791], [393, 52, 336.627907], [396, 52, 90.697674], [397, 52, 412.790698], [394, 52, 401.162791], [395, 52, 268.023256], [399, 52, 211.627907], [401, 52, 266.860465], [401, 53, 155.813953], [400, 52, 204.651163], [402, 53, 62.209302]]
Muon
[[401, 52, 266.860465], [399, 52, 211.627907], [401, 53, 155.813953], [400, 52, 204.651163], [402, 53, 62.209302]]
Muon
[[119, 387, 200.0], [120, 387, 231.976744], [119, 388, 262.209302], [121, 386, 180.813953], [118, 388, 55.813953]]
Muon
[[114, 366, 455.232558], [114, 365, 103.488372], [115, 368, 258.72093], [114, 367, 391.27907], [115, 367, 91.860465]]
Muon
[[85, 243, 966.860465], [85, 244, 226.162791], [85, 241, 223.837209], [85, 245, 504.651163], [85, 242, 459.883721], [86, 247, 194.186047]]
Muon
[[304, 458, 808.72093], [303, 459, 456.976744], [303, 460, 423.837209], [302, 461, 355.813953], [302, 462, 447.674419]]
Muon
[[180, 343, 145.930233], [178, 341, 168.604651], [177, 340, 165.116279], [176, 339, 258.139535], [175, 338, 509.302326], [176, 338, 175.0], [178, 340, 111.627907], [174, 337, 275.0], [173, 336, 303.488372], [172, 335, 233.72093]]
Muon
[[138, 301, 397.093023], [138, 303, 840.116279], [138, 302, 342.44186], [138, 305, 314.534884], [138, 304, 364.534884], [138, 306, 301.162791]]
Muon
[[99, 390, 540.697674], [98, 390, 264.534884], [99, 391, 319.186047], [98, 388, 333.139535], [98, 389, 496.511628], [98, 387, 70.348837]]
Muon
[[294, 268, 560.465116], [294, 267, 333.139535], [294, 266, 175.0], [294, 265, 230.813953], [294, 264, 158.139535]]
Muon
[[321, 443, 326.162791], [321, 444, 290.697674], [320, 441, 107.55814], [322, 445, 339.534884], [321, 442, 333.139535], [322, 446, 268.023256]]
Muon
[[332, 161, 193.023256], [331, 161, 101.162791], [332, 162, 214.534884], [332, 163, 73.837209], [332, 164, 226.162791]]
Muon
[[190, 102, 198.837209], [188, 102, 771.511628], [190, 103, 637.209302], [189, 102, 409.302326], [191, 103, 552.325581], [192, 103, 246.511628]]
Muon
[[316, 349, 213.953488], [316, 351, 71.511628], [315, 351, 45.348837], [317, 347, 284.302326], [316, 350, 201.162791], [317, 348, 550.0], [314, 354, 267.44186], [315, 353, 129.651163], [314, 353, 121.511628], [319, 344, 161.046512], [319, 343, 290.697674], [319, 342, 276.162791], [318, 345, 393.023256], [318, 346, 76.162791]]
Muon
[[297, 339, 154.651163], [298, 340, 147.674419], [297, 340, 221.511628], [298, 341, 516.860465], [298, 342, 405.813953]]
